22.211 
22.169 
22.223 
22.146 
22.150 
22.143 
22.108 
22.312 
22.134 
22.111 
22.113 
22.164 
22.086 
22.320 
22.649 
22.102 
22.088 
22.118 
22.248 
22.208 
22.460 
22.260 
22.164 
22.255 
22.208 
22.221 
22.200 
22.136 
22.189 
22.211 
22.183 
22.249 
22.260 
22.486 
22.217 
22.154 
22.318 
22.603 
22.715 
22.641 
22.590 
22.104 
22.286 
22.119 
22.210 
22.448 
22.180 
22.297 
22.150 
22.448 
22.143 
22.400 
22.161 
22.135 
22.332 
22.359 
22.126 
22.135 
22.169 
22.324 
22.485 
22.204 
22.238 
22.115 
22.346 
22.904 
22.157 
22.151 
22.161 
22.530 
22.069 
22.406 
22.210 
22.116 
22.168 
23.074 
22.214 
22.156 
22.375 
22.123 
22.116 
22.543 
22.286 
22.112 
22.222 
22.204 
23.005 
22.060 
22.082 
22.104 
22.453 
23.024 
22.301 
22.198 
22.402 
22.416 
22.589 
22.408 
22.732 
22.953 
22.961 
23.138 
23.128 
22.903 
23.902 
22.477 
23.401 
22.857 
23.736 
23.392 
22.768 
22.431 
24.071 
22.354 
22.092 
22.077 
22.251 
22.104 
22.165 
22.130 
22.143 
22.100 
22.120 
22.112 
22.078 
24.135 
23.338 
23.730 
23.662 
22.236 
22.077 
22.697 
22.535 
22.371 
22.148 
22.081 
22.366 
22.135 
23.401 
22.853 
23.420 
24.767 
24.184 
24.581 
23.303 
23.393 
23.671 
22.313 
25.163 
23.038 
23.393 
23.486 
22.704 
23.309 
22.129 
22.323 
22.093 
22.195 
22.710 
22.212 
22.736 
22.205 
22.036 
22.707 
22.398 
22.446 
22.622 
22.744 
22.485 
22.703 
22.089 
22.353 
22.630 
22.420 
22.797 
22.366 
23.612 
23.552 
23.182 
22.629 
22.065 
22.471 
22.388 
22.343 
23.314 
22.159 
22.022 
22.835 
22.810 
22.395 
22.959 
22.413 
22.779 
22.379 
22.673 
22.581 
22.911 
22.119 
22.298 
22.339 
22.229 
22.228 
22.796 
22.206 
22.209 
23.052 
22.116 
22.395 
22.333 
22.081 
23.006 
22.473 
22.790 
22.582 
22.224 
22.354 
22.315 
22.199 
22.368 
22.263 
22.259 
22.621 
22.599 
23.142 
22.437 
23.101 
23.596 
22.204 
22.506 
22.651 
23.379 
22.113 
22.569 
22.023 
22.399 
