22.184 
22.208 
22.438 
22.286 
22.176 
22.118 
22.126 
22.119 
22.144 
22.127 
22.123 
22.103 
22.093 
22.057 
22.111 
22.241 
22.087 
22.166 
22.631 
22.237 
22.323 
22.364 
22.258 
22.856 
22.208 
22.298 
22.534 
22.402 
22.440 
22.170 
22.167 
22.135 
22.222 
22.103 
22.168 
22.145 
22.708 
22.409 
23.822 
22.369 
22.218 
22.480 
22.044 
22.104 
22.117 
22.133 
22.142 
22.607 
22.128 
22.148 
22.207 
22.090 
22.179 
22.113 
22.155 
22.095 
22.121 
22.074 
22.111 
22.222 
22.301 
22.103 
22.555 
22.133 
22.092 
23.097 
22.045 
22.151 
22.187 
22.117 
22.515 
22.582 
22.102 
22.090 
22.140 
22.150 
22.099 
22.109 
22.129 
22.395 
22.130 
22.131 
22.187 
22.104 
22.370 
22.202 
22.358 
22.778 
22.266 
22.129 
22.123 
22.434 
22.428 
22.652 
22.763 
22.922 
22.359 
22.650 
23.054 
22.754 
22.850 
22.631 
23.352 
23.327 
23.709 
22.641 
22.661 
22.432 
23.296 
23.403 
22.686 
22.495 
23.160 
22.136 
22.127 
22.457 
22.070 
22.084 
22.366 
22.136 
22.212 
22.367 
22.130 
22.121 
22.104 
23.853 
23.346 
23.284 
23.615 
22.258 
22.095 
22.547 
22.727 
22.169 
22.153 
22.082 
22.102 
22.196 
23.617 
22.808 
22.637 
22.735 
22.973 
25.588 
24.589 
24.334 
23.180 
22.231 
24.247 
22.873 
22.892 
23.562 
22.686 
22.399 
22.226 
22.141 
22.159 
22.073 
22.411 
22.113 
22.311 
22.059 
22.051 
22.450 
22.307 
22.425 
22.582 
23.085 
22.438 
22.224 
22.110 
22.390 
22.284 
22.175 
23.087 
22.105 
23.010 
23.403 
22.284 
22.691 
22.050 
23.014 
22.142 
22.163 
22.348 
22.126 
22.069 
22.444 
23.137 
22.439 
22.337 
22.225 
23.363 
22.480 
22.390 
22.827 
23.653 
22.145 
22.161 
22.080 
22.122 
22.080 
22.130 
22.071 
22.115 
23.600 
22.157 
22.253 
22.211 
22.072 
22.798 
22.123 
22.493 
22.247 
22.259 
22.279 
22.183 
22.312 
22.224 
22.279 
22.218 
22.647 
22.585 
24.388 
22.495 
22.633 
23.971 
22.517 
22.520 
22.436 
23.189 
22.116 
22.404 
22.054 
22.024 
