111.631 
111.606 
111.572 
111.721 
111.640 
111.525 
111.730 
111.581 
111.544 
111.549 
111.548 
111.600 
111.497 
111.598 
111.630 
111.605 
111.591 
111.609 
111.609 
111.509 
111.591 
111.483 
111.626 
111.613 
111.620 
111.604 
111.707 
111.606 
111.564 
111.633 
111.600 
111.694 
111.569 
111.594 
111.608 
111.567 
111.606 
111.584 
111.626 
111.529 
111.552 
111.584 
111.657 
111.629 
111.607 
111.506 
111.767 
111.645 
111.631 
111.854 
111.675 
111.555 
111.687 
111.614 
111.658 
111.668 
111.547 
111.676 
111.735 
111.691 
111.617 
111.625 
111.550 
111.596 
111.576 
119.740 
111.600 
111.507 
111.593 
111.533 
111.699 
111.694 
111.503 
111.669 
111.518 
111.620 
111.601 
112.015 
111.638 
111.545 
111.545 
111.529 
111.789 
111.467 
111.590 
111.640 
111.616 
111.598 
111.496 
111.615 
111.610 
111.910 
111.674 
111.549 
111.596 
111.604 
111.603 
111.549 
111.564 
111.497 
111.629 
111.660 
111.751 
111.631 
111.628 
111.594 
111.576 
111.610 
111.604 
111.524 
111.599 
111.607 
111.549 
111.601 
111.731 
111.585 
111.662 
111.658 
111.603 
111.528 
111.659 
111.598 
111.672 
111.643 
111.600 
111.597 
111.592 
111.748 
111.562 
111.741 
111.511 
111.574 
111.744 
111.673 
111.622 
111.493 
111.515 
111.569 
111.658 
111.507 
111.639 
111.690 
111.538 
111.583 
111.600 
111.599 
111.673 
111.653 
111.600 
111.658 
111.628 
111.671 
111.738 
111.666 
111.648 
111.536 
111.637 
111.623 
111.640 
111.544 
111.698 
111.581 
111.730 
111.799 
111.578 
111.528 
111.816 
111.561 
111.565 
111.613 
111.998 
111.582 
111.580 
111.627 
111.568 
111.926 
111.539 
111.610 
111.531 
111.456 
111.572 
111.508 
111.585 
111.499 
111.486 
111.549 
111.649 
111.560 
111.665 
111.497 
111.565 
111.717 
111.513 
111.694 
111.690 
111.545 
111.536 
111.475 
111.620 
111.504 
113.022 
111.710 
111.539 
111.551 
111.491 
111.510 
111.612 
111.504 
111.582 
111.603 
111.506 
111.571 
111.572 
111.515 
111.541 
111.555 
111.500 
111.575 
111.631 
111.508 
111.661 
111.501 
111.614 
111.598 
111.598 
111.611 
111.532 
111.806 
111.529 
111.553 
111.502 
111.551 
111.541 
111.445 
111.563 
111.637 
111.537 
111.580 
111.699 
111.456 
111.602 
111.551 
111.584 
111.748 
111.508 
111.552 
111.573 
111.570 
111.582 
111.498 
111.509 
111.487 
111.553 
111.575 
111.509 
111.629 
111.621 
111.550 
111.523 
111.520 
111.550 
111.564 
111.514 
111.502 
111.503 
111.619 
