136.294 
144.862 
72.136 
74.355 
82.311 
84.897 
79.254 
80.107 
85.162 
46.972 
54.379 
48.005 
49.643 
50.846 
52.906 
51.949 
49.090 
51.607 
48.578 
47.536 
50.649 
57.363 
52.723 
51.652 
107.517 
66.343 
94.493 
77.363 
82.666 
179.191 
70.273 
103.839 
69.768 
68.501 
72.124 
59.223 
63.308 
59.149 
49.481 
54.703 
46.694 
48.003 
49.069 
57.908 
47.849 
52.135 
50.615 
58.364 
57.904 
131.840 
80.098 
79.591 
78.732 
71.920 
63.204 
95.619 
89.309 
58.755 
50.190 
48.097 
49.400 
50.475 
48.567 
56.383 
57.023 
56.073 
53.711 
53.253 
54.753 
55.456 
55.290 
53.007 
64.903 
89.825 
76.196 
92.559 
63.529 
70.905 
53.905 
61.235 
87.251 
122.029 
54.633 
54.706 
53.934 
54.881 
50.079 
54.384 
51.881 
57.979 
52.324 
50.633 
53.736 
51.653 
53.285 
54.546 
62.300 
124.243 
67.142 
67.883 
65.801 
61.773 
59.790 
71.791 
58.855 
64.101 
55.689 
46.324 
65.653 
50.187 
98.020 
76.365 
67.225 
52.616 
52.561 
53.144 
51.393 
52.610 
50.210 
53.269 
97.617 
69.024 
66.412 
60.741 
62.635 
61.345 
52.026 
153.370 
69.685 
70.756 
55.890 
56.299 
56.298 
65.547 
56.555 
65.688 
80.207 
56.100 
54.159 
56.144 
47.337 
52.375 
51.260 
55.173 
77.916 
93.194 
110.407 
81.938 
81.753 
90.162 
61.574 
68.168 
61.507 
109.817 
54.349 
57.671 
52.355 
51.374 
55.032 
51.987 
57.958 
52.241 
53.103 
54.847 
51.562 
54.623 
55.120 
52.300 
79.831 
79.819 
107.933 
68.050 
83.161 
71.234 
73.356 
65.200 
62.458 
57.953 
52.650 
53.110 
50.460 
57.146 
53.664 
55.710 
54.429 
52.543 
52.480 
55.023 
54.133 
52.185 
54.789 
50.475 
69.926 
74.587 
91.231 
86.369 
79.935 
176.900 
72.494 
60.487 
67.104 
61.908 
51.606 
55.897 
55.035 
50.942 
52.558 
53.314 
53.862 
54.209 
56.289 
53.133 
54.501 
69.143 
54.184 
54.641 
75.079 
72.259 
73.383 
68.445 
65.273 
94.033 
63.811 
87.421 
74.677 
51.649 
55.854 
50.971 
55.995 
51.998 
52.820 
50.203 
57.373 
53.551 
51.323 
