14
17
14
14
17
14
15
15
14
15
15
14
17
14
14
14
14
14
14
17
14
15
14
14
14
15
17
14
14
14
14
14
14
14
14
14
14
16
14
14
14
14
14
12
12
12
12
12
12
12
17
14
15
14
14
14
14
14
15
14
14
14
16
15
14
14
14
17
14
14
15
15
14
14
14
15
14
15
14
14
14
14
14
14
15
14
14
14
15
14
15
14
15
14
17
14
16
14
16
14
14
14
14
14
14
15
14
14
14
14
14
14
14
14
14
14
14
17
14
14
14
14
14
14
14
14
14
14
14
15
16
14
17
14
14
14
15
14
17
17
16
17
14
15
17
14
14
14
14
14
16
14
14
14
16
14
14
15
14
15
14
14
14
14
14
14
14
14
14
14
14
14
14
14
14
15
17
14
15
14
14
14
14
16
15
15
14
14
15
14
14
14
15
14
15
14
14
17
14
14
14
14
15
14
16
14
15
15
14
14
15
14
14
17
16
17
14
15
14
14
14
14
14
14
14
15
14
15
15
16
14
14
14
14
14
14
