221.249 
221.820 
221.219 
221.209 
221.402 
221.269 
221.181 
221.271 
221.244 
221.405 
221.271 
221.301 
221.301 
221.227 
221.297 
221.243 
221.308 
221.365 
221.229 
221.413 
221.223 
221.225 
221.216 
221.228 
221.195 
221.206 
221.294 
221.194 
221.239 
221.295 
221.275 
221.282 
221.306 
221.285 
221.262 
221.230 
221.385 
221.306 
221.199 
221.302 
221.332 
221.243 
221.199 
223.021 
223.016 
223.038 
222.980 
223.185 
223.133 
223.102 
221.241 
221.236 
221.240 
221.351 
221.396 
221.337 
221.320 
221.226 
221.287 
221.178 
221.214 
221.299 
221.309 
221.417 
221.307 
221.200 
221.160 
221.314 
221.287 
225.187 
221.269 
221.278 
221.308 
221.292 
221.191 
221.260 
221.417 
221.379 
221.215 
221.215 
221.289 
221.254 
221.255 
221.356 
221.177 
221.296 
221.239 
221.266 
221.279 
221.264 
221.276 
221.375 
221.150 
221.436 
221.375 
221.260 
221.218 
221.225 
221.246 
221.194 
221.418 
221.327 
221.308 
221.255 
221.262 
221.349 
221.121 
221.268 
221.569 
221.260 
221.332 
231.890 
221.170 
221.391 
221.180 
221.281 
221.361 
221.208 
221.312 
221.266 
221.278 
221.339 
221.395 
221.372 
221.417 
221.498 
221.419 
221.398 
221.403 
221.392 
221.328 
238.196 
221.335 
221.532 
221.441 
221.523 
221.439 
221.500 
221.443 
221.404 
221.414 
221.504 
221.438 
221.336 
221.431 
221.403 
221.497 
221.358 
221.382 
221.399 
221.470 
236.416 
221.424 
221.450 
221.664 
221.429 
221.397 
221.479 
221.427 
221.434 
221.330 
221.336 
221.362 
221.721 
221.466 
221.407 
221.367 
222.185 
221.760 
221.314 
221.390 
221.322 
221.333 
221.392 
221.425 
221.403 
221.385 
221.394 
221.475 
221.369 
221.669 
221.376 
221.499 
221.324 
221.359 
221.384 
221.401 
221.449 
221.423 
221.455 
221.453 
221.343 
221.375 
221.367 
221.345 
221.449 
221.445 
221.363 
221.421 
221.328 
221.383 
221.420 
221.487 
221.384 
221.364 
221.433 
221.433 
221.451 
221.384 
221.403 
221.496 
261.835 
221.649 
221.921 
221.559 
221.592 
221.483 
254.119 
221.473 
222.156 
221.491 
221.452 
221.407 
221.454 
221.446 
221.403 
221.456 
221.500 
221.465 
221.631 
221.340 
221.486 
221.362 
221.993 
221.502 
222.021 
