111.548 
111.588 
111.585 
111.610 
111.629 
111.534 
111.544 
111.602 
111.547 
111.581 
111.566 
111.641 
111.487 
111.566 
111.589 
111.607 
111.599 
111.560 
111.575 
111.537 
111.549 
111.602 
111.647 
111.672 
111.665 
111.574 
111.643 
111.568 
111.587 
111.666 
111.701 
111.634 
111.607 
111.646 
111.703 
111.575 
111.549 
111.576 
111.621 
111.504 
111.561 
111.585 
111.621 
111.717 
111.544 
111.545 
111.731 
111.768 
111.756 
111.662 
111.640 
111.557 
111.697 
111.658 
111.716 
111.605 
111.572 
111.597 
111.846 
111.607 
111.518 
111.566 
111.605 
111.638 
111.528 
119.665 
111.628 
111.499 
111.717 
111.530 
111.609 
111.536 
111.544 
111.592 
111.636 
111.607 
111.574 
111.709 
111.622 
111.593 
111.541 
111.514 
111.634 
111.530 
111.619 
111.565 
111.598 
111.498 
111.524 
111.562 
111.538 
111.610 
111.607 
111.558 
111.577 
111.716 
111.595 
111.573 
111.569 
111.513 
111.648 
111.631 
111.623 
111.575 
111.617 
111.632 
111.525 
111.573 
111.586 
111.539 
111.568 
111.561 
111.669 
111.570 
111.596 
111.532 
111.612 
111.575 
111.649 
111.578 
111.653 
111.620 
111.570 
111.583 
111.575 
111.547 
111.567 
111.703 
111.671 
111.544 
111.600 
111.588 
111.788 
111.535 
111.580 
111.523 
111.604 
111.559 
111.725 
111.522 
111.635 
111.778 
111.579 
111.603 
111.601 
111.657 
111.720 
111.601 
111.678 
111.772 
111.594 
111.613 
111.608 
111.587 
111.682 
111.508 
111.647 
111.639 
111.711 
111.545 
111.596 
111.640 
111.613 
111.593 
111.522 
111.535 
111.697 
111.665 
111.724 
111.585 
111.818 
111.558 
111.526 
111.637 
111.592 
112.056 
111.526 
111.520 
111.601 
111.517 
111.591 
111.535 
111.514 
111.613 
111.488 
111.444 
111.571 
111.508 
111.714 
111.588 
111.507 
111.639 
111.533 
111.660 
111.740 
111.509 
111.511 
111.469 
111.620 
111.473 
111.604 
111.511 
111.500 
111.478 
111.519 
111.517 
111.576 
111.452 
111.501 
111.616 
111.515 
111.904 
111.679 
111.674 
111.488 
111.532 
111.504 
111.494 
111.670 
111.479 
111.823 
111.546 
111.645 
111.579 
111.567 
111.554 
111.531 
111.593 
111.497 
111.595 
111.549 
111.544 
111.538 
111.477 
111.649 
111.564 
111.598 
111.525 
111.554 
111.587 
111.529 
111.604 
111.525 
111.709 
111.590 
111.574 
111.503 
111.698 
111.554 
111.615 
111.536 
111.493 
111.532 
111.552 
111.524 
111.535 
111.554 
111.499 
111.524 
111.518 
111.498 
111.481 
111.526 
111.537 
111.548 
111.616 
